gt_angle/mean = 33.16365491284504
gt_angle/median = 17.89692160189057
gt_angle/max = 179.98416918626077
gt_angle/std = 40.93139607551655
gt_angle/10deg = 0.2817279313120472
gt_angle/per_from_all = 1.0
rotation_geodesic_error_overlap_huge/mean = 11.297342753974208
rotation_geodesic_error_overlap_huge/median = 1.1729745592195142
rotation_geodesic_error_overlap_huge/max = 180.0
rotation_geodesic_error_overlap_huge/std = 35.165862842186435
rotation_geodesic_error_overlap_huge/10deg = 0.892
rotation_geodesic_error_overlap_huge/per_from_all = 0.26831231553528306
rotation_geodesic_error_overlap_large/mean = 15.754242682001006
rotation_geodesic_error_overlap_large/median = 1.8252568848094106
rotation_geodesic_error_overlap_large/max = 179.5787020591879
rotation_geodesic_error_overlap_large/std = 41.11544267475012
rotation_geodesic_error_overlap_large/10deg = 0.836
rotation_geodesic_error_overlap_large/per_from_all = 0.26831231553528306
rotation_geodesic_error_overlap_small/mean = 45.96142517629606
rotation_geodesic_error_overlap_small/median = 9.604157060963507
rotation_geodesic_error_overlap_small/max = 179.9850024552679
rotation_geodesic_error_overlap_small/std = 60.751784675700605
rotation_geodesic_error_overlap_small/10deg = 0.51
rotation_geodesic_error_overlap_small/per_from_all = 0.26831231553528306
rotation_geodesic_error_overlap_none_small/mean = 111.12578046683788
rotation_geodesic_error_overlap_none_small/median = 115.29935370317672
rotation_geodesic_error_overlap_none_small/max = 179.89645999470392
rotation_geodesic_error_overlap_none_small/std = 44.92345875229748
rotation_geodesic_error_overlap_none_small/10deg = 0.00964630225080386
rotation_geodesic_error_overlap_none_small/per_from_all = 0.08344513013147303
rotation_geodesic_error_overlap_none_large/mean = 122.93461812636497
rotation_geodesic_error_overlap_none_large/median = 127.74917273789126
rotation_geodesic_error_overlap_none_large/max = 179.7680667408922
rotation_geodesic_error_overlap_none_large/std = 37.324552426535355
rotation_geodesic_error_overlap_none_large/10deg = 0.0
rotation_geodesic_error_overlap_none_large/per_from_all = 0.11161792326267776
