gt_angle/mean = 56.493011326621314
gt_angle/median = 30.2621619739402
gt_angle/max = 179.98514743685743
gt_angle/std = 54.56989976189665
gt_angle/15deg = 0.29924528301886794
gt_angle/30deg = 0.4977358490566038
gt_angle/per_from_all = 1.0
rotation_geodesic_error_overlap_large/mean = 14.324153925575818
rotation_geodesic_error_overlap_large/median = 1.4908693297183429
rotation_geodesic_error_overlap_large/max = 179.97558026476347
rotation_geodesic_error_overlap_large/std = 40.137884275170244
rotation_geodesic_error_overlap_large/15deg = 0.8813694267515924
rotation_geodesic_error_overlap_large/30deg = 0.9008757961783439
rotation_geodesic_error_overlap_large/per_from_all = 0.4739622641509434
rotation_geodesic_error_overlap_small/mean = 82.61397356630947
rotation_geodesic_error_overlap_small/median = 79.34730490000054
rotation_geodesic_error_overlap_small/max = 179.97690022623016
rotation_geodesic_error_overlap_small/std = 62.313684817836815
rotation_geodesic_error_overlap_small/15deg = 0.2503022974607013
rotation_geodesic_error_overlap_small/30deg = 0.28053204353083433
rotation_geodesic_error_overlap_small/per_from_all = 0.1560377358490566
rotation_geodesic_error_overlap_none/mean = 120.1420852042519
rotation_geodesic_error_overlap_none/median = 124.85465394968787
rotation_geodesic_error_overlap_none/max = 179.94716696072447
rotation_geodesic_error_overlap_none/std = 39.066440524815086
rotation_geodesic_error_overlap_none/15deg = 0.0025497195308516064
rotation_geodesic_error_overlap_none/30deg = 0.01580826109127996
rotation_geodesic_error_overlap_none/per_from_all = 0.37
