gt_angle/mean = 56.493011326621314
gt_angle/median = 30.2621619739402
gt_angle/max = 179.98514743685743
gt_angle/std = 54.56989976189665
gt_angle/10deg = 0.19018867924528302
gt_angle/per_from_all = 1.0
rotation_geodesic_error_overlap_huge/mean = 4.695619663508654
rotation_geodesic_error_overlap_huge/median = 1.0522156423386089
rotation_geodesic_error_overlap_huge/max = 179.9158319002459
rotation_geodesic_error_overlap_huge/std = 23.43334447268096
rotation_geodesic_error_overlap_huge/10deg = 0.976
rotation_geodesic_error_overlap_huge/per_from_all = 0.18867924528301888
rotation_geodesic_error_overlap_large/mean = 13.206909006886004
rotation_geodesic_error_overlap_large/median = 1.6153585635288068
rotation_geodesic_error_overlap_large/max = 179.97558026476347
rotation_geodesic_error_overlap_large/std = 38.682054977879346
rotation_geodesic_error_overlap_large/10deg = 0.882
rotation_geodesic_error_overlap_large/per_from_all = 0.18867924528301888
rotation_geodesic_error_overlap_small/mean = 41.42460741398391
rotation_geodesic_error_overlap_small/median = 3.957150478171478
rotation_geodesic_error_overlap_small/max = 179.97690022623016
rotation_geodesic_error_overlap_small/std = 61.2471283540736
rotation_geodesic_error_overlap_small/10deg = 0.6102857142857143
rotation_geodesic_error_overlap_small/per_from_all = 0.1650943396226415
rotation_geodesic_error_overlap_none_small/mean = 109.8248388434926
rotation_geodesic_error_overlap_none_small/median = 107.4346660591263
rotation_geodesic_error_overlap_none_small/max = 179.97454515058453
rotation_geodesic_error_overlap_none_small/std = 41.54889236029484
rotation_geodesic_error_overlap_none_small/10deg = 0.002944062806673209
rotation_geodesic_error_overlap_none_small/per_from_all = 0.19226415094339622
rotation_geodesic_error_overlap_none_large/mean = 123.64302201050698
rotation_geodesic_error_overlap_none_large/median = 129.91725401501452
rotation_geodesic_error_overlap_none_large/max = 179.94716696072447
rotation_geodesic_error_overlap_none_large/std = 39.07052284607542
rotation_geodesic_error_overlap_none_large/10deg = 0.0007112375533428165
rotation_geodesic_error_overlap_none_large/per_from_all = 0.26528301886792455
