gt_angle/mean = 37.67294247089196
gt_angle/median = 19.19697330651831
gt_angle/max = 179.9744466541678
gt_angle/std = 49.483482946208206
gt_angle/10deg = 0.2857142857142857
gt_angle/per_from_all = 1.0
rotation_geodesic_error_overlap_huge/mean = 11.288658069226173
rotation_geodesic_error_overlap_huge/median = 1.452993934323104
rotation_geodesic_error_overlap_huge/max = 179.999955538144
rotation_geodesic_error_overlap_huge/std = 33.98337495830817
rotation_geodesic_error_overlap_huge/10deg = 0.876
rotation_geodesic_error_overlap_huge/per_from_all = 0.24630541871921183
rotation_geodesic_error_overlap_large/mean = 17.623048453755022
rotation_geodesic_error_overlap_large/median = 2.037647168883312
rotation_geodesic_error_overlap_large/max = 179.335437018552
rotation_geodesic_error_overlap_large/std = 41.63188619323998
rotation_geodesic_error_overlap_large/10deg = 0.796
rotation_geodesic_error_overlap_large/per_from_all = 0.24630541871921183
rotation_geodesic_error_overlap_small/mean = 48.2769644300286
rotation_geodesic_error_overlap_small/median = 8.245664368542208
rotation_geodesic_error_overlap_small/max = 179.72240810770094
rotation_geodesic_error_overlap_small/std = 62.26134235251559
rotation_geodesic_error_overlap_small/10deg = 0.51
rotation_geodesic_error_overlap_small/per_from_all = 0.24630541871921183
rotation_geodesic_error_overlap_none_small/mean = 110.08210040778273
rotation_geodesic_error_overlap_none_small/median = 120.93218731464752
rotation_geodesic_error_overlap_none_small/max = 179.90254280228507
rotation_geodesic_error_overlap_none_small/std = 46.07214925637726
rotation_geodesic_error_overlap_none_small/10deg = 0.0
rotation_geodesic_error_overlap_none_small/per_from_all = 0.15320197044334977
rotation_geodesic_error_overlap_none_large/mean = 128.58551638340438
rotation_geodesic_error_overlap_none_large/median = 147.01929557216363
rotation_geodesic_error_overlap_none_large/max = 179.96573169645836
rotation_geodesic_error_overlap_none_large/std = 48.913452150759525
rotation_geodesic_error_overlap_none_large/10deg = 0.0
rotation_geodesic_error_overlap_none_large/per_from_all = 0.10788177339901478
