gt_angle/mean = 28.82374622672754
gt_angle/median = 15.508230384004312
gt_angle/max = 179.98416918626077
gt_angle/std = 38.06784994799197
gt_angle/15deg = 0.4851390220517737
gt_angle/30deg = 0.74712368168744
gt_angle/per_from_all = 1.0
rotation_geodesic_error_overlap_large/mean = 14.596688404769852
rotation_geodesic_error_overlap_large/median = 1.6237268115903234
rotation_geodesic_error_overlap_large/max = 180.0
rotation_geodesic_error_overlap_large/std = 39.042298561014775
rotation_geodesic_error_overlap_large/15deg = 0.87
rotation_geodesic_error_overlap_large/30deg = 0.8977777777777778
rotation_geodesic_error_overlap_large/per_from_all = 0.6471716203259827
rotation_geodesic_error_overlap_small/mean = 55.12396219488638
rotation_geodesic_error_overlap_small/median = 21.726035869681137
rotation_geodesic_error_overlap_small/max = 179.78096083143444
rotation_geodesic_error_overlap_small/std = 61.206992482355204
rotation_geodesic_error_overlap_small/15deg = 0.45235223160434257
rotation_geodesic_error_overlap_small/30deg = 0.5355850422195416
rotation_geodesic_error_overlap_small/per_from_all = 0.19870565675934804
rotation_geodesic_error_overlap_none/mean = 117.34554613210814
rotation_geodesic_error_overlap_none/median = 123.09911790562307
rotation_geodesic_error_overlap_none/max = 179.68640904869153
rotation_geodesic_error_overlap_none/std = 42.73443785640137
rotation_geodesic_error_overlap_none/15deg = 0.007776049766718507
rotation_geodesic_error_overlap_none/30deg = 0.027993779160186624
rotation_geodesic_error_overlap_none/per_from_all = 0.15412272291466922
