gt_angle/mean = 56.49300765991211
gt_angle/median = 30.262149810791016
gt_angle/max = 180.0
gt_angle/std = 54.56990432739258
gt_angle/15deg = 0.29924528301886794
gt_angle/30deg = 0.4977358490566038
gt_angle/per_from_all = 1.0
rotation_geodesic_error_overlap_large/mean = 75.95222929936305
rotation_geodesic_error_overlap_large/median = 36.022125244140625
rotation_geodesic_error_overlap_large/max = 180.0
rotation_geodesic_error_overlap_large/std = 71.77142871263615
rotation_geodesic_error_overlap_large/15deg = 0.32404458598726116
rotation_geodesic_error_overlap_large/30deg = 0.47412420382165604
rotation_geodesic_error_overlap_large/per_from_all = 0.4739622641509434
rotation_geodesic_error_overlap_small/mean = 98.76503929866989
rotation_geodesic_error_overlap_small/median = 101.93297576904297
rotation_geodesic_error_overlap_small/max = 180.0
rotation_geodesic_error_overlap_small/std = 57.76337256001055
rotation_geodesic_error_overlap_small/15deg = 0.03869407496977025
rotation_geodesic_error_overlap_small/30deg = 0.1946795646916566
rotation_geodesic_error_overlap_small/per_from_all = 0.1560377358490566
rotation_geodesic_error_overlap_none/mean = 86.78062850586436
rotation_geodesic_error_overlap_none/median = 86.14984130859375
rotation_geodesic_error_overlap_none/max = 180.0
rotation_geodesic_error_overlap_none/std = 54.82844477151646
rotation_geodesic_error_overlap_none/15deg = 0.06374298827129016
rotation_geodesic_error_overlap_none/30deg = 0.2299847016828149
rotation_geodesic_error_overlap_none/per_from_all = 0.37
