gt_angle/mean = 37.67293930053711
gt_angle/median = 19.196969985961914
gt_angle/max = 180.0
gt_angle/std = 49.483497619628906
gt_angle/10deg = 0.2857142857142857
gt_angle/per_from_all = 1.0
rotation_geodesic_error_overlap_huge/mean = 89.7456328125
rotation_geodesic_error_overlap_huge/median = 87.46759796142578
rotation_geodesic_error_overlap_huge/max = 179.97201538085938
rotation_geodesic_error_overlap_huge/std = 64.10278628090532
rotation_geodesic_error_overlap_huge/10deg = 0.136
rotation_geodesic_error_overlap_huge/per_from_all = 0.24630541871921183
rotation_geodesic_error_overlap_large/mean = 94.09871875
rotation_geodesic_error_overlap_large/median = 90.83673095703125
rotation_geodesic_error_overlap_large/max = 179.95152282714844
rotation_geodesic_error_overlap_large/std = 60.756438867851
rotation_geodesic_error_overlap_large/10deg = 0.054
rotation_geodesic_error_overlap_large/per_from_all = 0.24630541871921183
rotation_geodesic_error_overlap_small/mean = 95.1173515625
rotation_geodesic_error_overlap_small/median = 96.12730407714844
rotation_geodesic_error_overlap_small/max = 179.81024169921875
rotation_geodesic_error_overlap_small/std = 57.34582072290545
rotation_geodesic_error_overlap_small/10deg = 0.024
rotation_geodesic_error_overlap_small/per_from_all = 0.24630541871921183
rotation_geodesic_error_overlap_none_small/mean = 99.96945337620579
rotation_geodesic_error_overlap_none_small/median = 100.50917053222656
rotation_geodesic_error_overlap_none_small/max = 179.10342407226562
rotation_geodesic_error_overlap_none_small/std = 48.57209938300661
rotation_geodesic_error_overlap_none_small/10deg = 0.003215434083601286
rotation_geodesic_error_overlap_none_small/per_from_all = 0.15320197044334977
rotation_geodesic_error_overlap_none_large/mean = 87.57659103881278
rotation_geodesic_error_overlap_none_large/median = 89.57518768310547
rotation_geodesic_error_overlap_none_large/max = 179.09906005859375
rotation_geodesic_error_overlap_none_large/std = 53.33630819456736
rotation_geodesic_error_overlap_none_large/10deg = 0.0365296803652968
rotation_geodesic_error_overlap_none_large/per_from_all = 0.10788177339901478
