gt_angle/mean = 33.1636962890625
gt_angle/median = 17.896921157836914
gt_angle/max = 179.92596435546875
gt_angle/std = 40.931400299072266
gt_angle/10deg = 0.2817279313120472
gt_angle/per_from_all = 1.0
rotation_geodesic_error_overlap_huge/mean = 86.792203125
rotation_geodesic_error_overlap_huge/median = 80.18470764160156
rotation_geodesic_error_overlap_huge/max = 179.97201538085938
rotation_geodesic_error_overlap_huge/std = 69.02656602476841
rotation_geodesic_error_overlap_huge/10deg = 0.17
rotation_geodesic_error_overlap_huge/per_from_all = 0.26831231553528306
rotation_geodesic_error_overlap_large/mean = 91.975828125
rotation_geodesic_error_overlap_large/median = 89.3049545288086
rotation_geodesic_error_overlap_large/max = 179.98020935058594
rotation_geodesic_error_overlap_large/std = 65.18962867245362
rotation_geodesic_error_overlap_large/10deg = 0.065
rotation_geodesic_error_overlap_large/per_from_all = 0.26831231553528306
rotation_geodesic_error_overlap_small/mean = 93.382890625
rotation_geodesic_error_overlap_small/median = 91.9515380859375
rotation_geodesic_error_overlap_small/max = 179.92086791992188
rotation_geodesic_error_overlap_small/std = 59.007524577654095
rotation_geodesic_error_overlap_small/10deg = 0.025
rotation_geodesic_error_overlap_small/per_from_all = 0.26831231553528306
rotation_geodesic_error_overlap_none_small/mean = 95.30500150723472
rotation_geodesic_error_overlap_none_small/median = 102.86863708496094
rotation_geodesic_error_overlap_none_small/max = 178.7010955810547
rotation_geodesic_error_overlap_none_small/std = 46.29293264404095
rotation_geodesic_error_overlap_none_small/10deg = 0.003215434083601286
rotation_geodesic_error_overlap_none_small/per_from_all = 0.08344513013147303
rotation_geodesic_error_overlap_none_large/mean = 81.48499474158653
rotation_geodesic_error_overlap_none_large/median = 77.28536224365234
rotation_geodesic_error_overlap_none_large/max = 179.2861785888672
rotation_geodesic_error_overlap_none_large/std = 49.154630072738044
rotation_geodesic_error_overlap_none_large/10deg = 0.019230769230769232
rotation_geodesic_error_overlap_none_large/per_from_all = 0.11161792326267776
