gt_angle/mean = 56.49300765991211
gt_angle/median = 30.262149810791016
gt_angle/max = 180.0
gt_angle/std = 54.56990432739258
gt_angle/10deg = 0.19018867924528302
gt_angle/per_from_all = 1.0
rotation_geodesic_error_overlap_huge/mean = 56.3560625
rotation_geodesic_error_overlap_huge/median = 15.683280944824219
rotation_geodesic_error_overlap_huge/max = 180.0
rotation_geodesic_error_overlap_huge/std = 69.37542559498245
rotation_geodesic_error_overlap_huge/10deg = 0.395
rotation_geodesic_error_overlap_huge/per_from_all = 0.18867924528301888
rotation_geodesic_error_overlap_large/mean = 84.3106015625
rotation_geodesic_error_overlap_large/median = 57.88262939453125
rotation_geodesic_error_overlap_large/max = 180.0
rotation_geodesic_error_overlap_large/std = 72.47266678523077
rotation_geodesic_error_overlap_large/10deg = 0.151
rotation_geodesic_error_overlap_large/per_from_all = 0.18867924528301888
rotation_geodesic_error_overlap_small/mean = 101.48789285714285
rotation_geodesic_error_overlap_small/median = 104.8099136352539
rotation_geodesic_error_overlap_small/max = 179.90512084960938
rotation_geodesic_error_overlap_small/std = 63.00223289466448
rotation_geodesic_error_overlap_small/10deg = 0.036571428571428574
rotation_geodesic_error_overlap_small/per_from_all = 0.1650943396226415
rotation_geodesic_error_overlap_none_small/mean = 90.78842615309127
rotation_geodesic_error_overlap_none_small/median = 92.40232849121094
rotation_geodesic_error_overlap_none_small/max = 180.0
rotation_geodesic_error_overlap_none_small/std = 54.59880240100978
rotation_geodesic_error_overlap_none_small/10deg = 0.011776251226692836
rotation_geodesic_error_overlap_none_small/per_from_all = 0.19226415094339622
rotation_geodesic_error_overlap_none_large/mean = 85.81429476351352
rotation_geodesic_error_overlap_none_large/median = 84.17530822753906
rotation_geodesic_error_overlap_none_large/max = 180.0
rotation_geodesic_error_overlap_none_large/std = 55.245010461907825
rotation_geodesic_error_overlap_none_large/10deg = 0.029871977240398292
rotation_geodesic_error_overlap_none_large/per_from_all = 0.26528301886792455
