gt_angle/mean = 28.823780059814453
gt_angle/median = 15.508037567138672
gt_angle/max = 179.92596435546875
gt_angle/std = 38.06785202026367
gt_angle/15deg = 0.4851390220517737
gt_angle/30deg = 0.74712368168744
gt_angle/per_from_all = 1.0
rotation_geodesic_error_overlap_large/mean = 90.51829282407408
rotation_geodesic_error_overlap_large/median = 88.11459350585938
rotation_geodesic_error_overlap_large/max = 180.0
rotation_geodesic_error_overlap_large/std = 66.12453838919713
rotation_geodesic_error_overlap_large/15deg = 0.16814814814814816
rotation_geodesic_error_overlap_large/30deg = 0.31037037037037035
rotation_geodesic_error_overlap_large/per_from_all = 0.6471716203259827
rotation_geodesic_error_overlap_small/mean = 96.92261007237636
rotation_geodesic_error_overlap_small/median = 99.03059387207031
rotation_geodesic_error_overlap_small/max = 179.85597229003906
rotation_geodesic_error_overlap_small/std = 57.82935739449154
rotation_geodesic_error_overlap_small/15deg = 0.04945717732207479
rotation_geodesic_error_overlap_small/30deg = 0.18697225572979492
rotation_geodesic_error_overlap_small/per_from_all = 0.19870565675934804
rotation_geodesic_error_overlap_none/mean = 90.07208033631416
rotation_geodesic_error_overlap_none/median = 88.70552825927734
rotation_geodesic_error_overlap_none/max = 179.7025909423828
rotation_geodesic_error_overlap_none/std = 49.12619198620252
rotation_geodesic_error_overlap_none/15deg = 0.041990668740279936
rotation_geodesic_error_overlap_none/30deg = 0.12752721617418353
rotation_geodesic_error_overlap_none/per_from_all = 0.15412272291466922
