gt_angle/mean = 56.493011326621314
gt_angle/median = 30.2621619739402
gt_angle/max = 179.98514743685743
gt_angle/std = 54.56989976189665
gt_angle/15deg = 0.29924528301886794
gt_angle/30deg = 0.4977358490566038
gt_angle/per_from_all = 1.0
rotation_geodesic_error_overlap_large/mean = 10.508548077768268
rotation_geodesic_error_overlap_large/median = 2.3500671385268754
rotation_geodesic_error_overlap_large/max = 179.87004382334743
rotation_geodesic_error_overlap_large/std = 24.3267322961067
rotation_geodesic_error_overlap_large/15deg = 0.7802547770700637
rotation_geodesic_error_overlap_large/30deg = 0.9490445859872612
rotation_geodesic_error_overlap_large/per_from_all = 0.4739622641509434
rotation_geodesic_error_overlap_small/mean = 40.78316652853317
rotation_geodesic_error_overlap_small/median = 39.74935581228372
rotation_geodesic_error_overlap_small/max = 179.03612259548345
rotation_geodesic_error_overlap_small/std = 19.03463692451301
rotation_geodesic_error_overlap_small/15deg = 0.07134220072551391
rotation_geodesic_error_overlap_small/30deg = 0.1837968561064087
rotation_geodesic_error_overlap_small/per_from_all = 0.1560377358490566
rotation_geodesic_error_overlap_none/mean = 119.36747084420696
rotation_geodesic_error_overlap_none/median = 120.9062599897125
rotation_geodesic_error_overlap_none/max = 179.98514743685746
rotation_geodesic_error_overlap_none/std = 37.307897252914024
rotation_geodesic_error_overlap_none/15deg = 0.0
rotation_geodesic_error_overlap_none/30deg = 0.0
rotation_geodesic_error_overlap_none/per_from_all = 0.37
