gt_angle/mean = 28.82374622672754
gt_angle/median = 15.508230384004312
gt_angle/max = 179.98416918626077
gt_angle/std = 38.06784994799197
gt_angle/15deg = 0.4851390220517737
gt_angle/30deg = 0.74712368168744
gt_angle/per_from_all = 1.0
rotation_geodesic_error_overlap_large/mean = 13.50111635331867
rotation_geodesic_error_overlap_large/median = 5.354188996595459
rotation_geodesic_error_overlap_large/max = 179.95018112834393
rotation_geodesic_error_overlap_large/std = 26.854084630332963
rotation_geodesic_error_overlap_large/15deg = 0.7377777777777778
rotation_geodesic_error_overlap_large/30deg = 0.9311111111111111
rotation_geodesic_error_overlap_large/per_from_all = 0.6471716203259827
rotation_geodesic_error_overlap_small/mean = 31.816711512500795
rotation_geodesic_error_overlap_small/median = 31.35478347251902
rotation_geodesic_error_overlap_small/max = 179.39228207861782
rotation_geodesic_error_overlap_small/std = 15.95044926145259
rotation_geodesic_error_overlap_small/15deg = 0.11218335343787696
rotation_geodesic_error_overlap_small/30deg = 0.4451145958986731
rotation_geodesic_error_overlap_small/per_from_all = 0.19870565675934804
rotation_geodesic_error_overlap_none/mean = 101.61179461915476
rotation_geodesic_error_overlap_none/median = 99.15302840705183
rotation_geodesic_error_overlap_none/max = 179.9841691862608
rotation_geodesic_error_overlap_none/std = 48.900403402054344
rotation_geodesic_error_overlap_none/15deg = 0.007776049766718507
rotation_geodesic_error_overlap_none/30deg = 0.08398133748055987
rotation_geodesic_error_overlap_none/per_from_all = 0.15412272291466922
